function T = Ty(x)
  T = [1 0 0 0;
       0 1 0 x;
       0 0 1 0;
       0 0 0 1];
end